0000000000000000000000000000000000000001
0000000000000000000000001110100000000001
0000000000000000000000000000000000000001
0000000000001000000000001110100000000001
0000000000000000000000000000000000000001
0000000000010000000000001110100000000001
0000000000000000000000000000000000000001
0000000000011000000000001110100000000001
0000000000000000000000000000000000000001
0000000000100000000000001110100000000001
0000000000000000000000000000000000000001
0000000000101000000000001110100000000001
0000000000000000000000000000000000000001
0000000000110000000000001110100000000001
0000000000000000000000000000000000000001
0000000000111000000000001110100000000001
0000000000000000000000000000000000000001
0000000001000000000000001110100000000001
0000000000000000000000000000000000000001
0000000001001000000000001110100000000001
0000000001101001000111110010000000000001
0000000001011001000010000010001000000001
0000000000000010000000011010000000000001
1111111111100001000110000010001000000001
0000000000000010000000001010000000000001
0000000001100000000000001110101000000001
0000000001110000000000001111001000000001
0000000001100000000000001100000000000001
0000000000000000000000000000000000000001
1111111111110000000000010010000100000001
0000000000000000000000001010000100000001
1111111111100001000010000010001001000001
0000000001111000000000001110001000000001
0000000001110000000000001100000000000001
0000000001111111111111110010000000000001
1111111111100001000010000010001000000001
0000000010000000000000001110001000000001
0000000010000010000000100010000000000001
0000000001010000000000001110001000000001
0000000000000001000010000010000000000001
0000000000001001000010000010001000000001
0000000000000000000000000000000000000001
0000000010010000000000001110001000000001
0000000000010001000010000010000000000001
0000000000011001000010000010001000000001
0000000000000000000000000000000000000001
0000000010011000000000001110001000000001
0000000000100001000010000010000000000001
0000000000101001000010000010001000000001
0000000000000000000000000000000000000001
0000000010100000000000001110001000000001
0000000000110001000010000010000000000001
0000000000111001000010000010001000000001
0000000000000000000000000000000000000001
0000000010101000000000001110001000000001
0000000001000001000010000010000000000001
0000000001001001000010000010001000000001
0000000000000000000000000000000000000001
0000000010110000000000001110001000000001
0000000010010010000000110010000000000001
0000000010011010000001000010001000000001
0000000010100010000001010010001000000001
0000000010101010000001100010001000000001
0000000010110010000001110010001000000001
0000001010100000000000001110001000000001
1111111111110010000010000010000000000001
0000000011001001000010000010001001000001
0000000011101000000000001110001000000001
0000000011011001000010000010000000000001
0000000011001001000010000011010000000001
0000000011101010000010010010001000000001
0000000011010000000000001110001000000001
0000000011010000000000001100000000000001
0000000011100000000000001111001000000001
0000000000000000000000000000000000000001
0000000000000111111111110010000000000001
0000000010111000000000001110001000000001
0000000000001111111111110010000000000001
0000000011000000000000001110001000000001
0000000000000000000000000000000000000001
1111111111110010000010100010000000000001
0000000100000001000010000010001001000001
0000000100100000000000001110001000000001
0000000100010001000010000010000000000001
0000000100000001000010000011010000000001
0000000100100010000010110010001000000001
0000000100001000000000001110001000000001
0000000100001000000000001100000000000001
0000000100011000000000001111001000000001
0000000000000000000000000000000000000001
0000000000010111111111110010000000000001
0000000011110000000000001110001000000001
0000000000011111111111110010000000000001
0000000011111000000000001110001000000001
0000000000000000000000000000000000000001
1111111111110010000011000010000000000001
0000000100111001000010000010001001000001
0000000101011000000000001110001000000001
0000000101001001000010000010000000000001
0000000100111001000010000011010000000001
0000000101011010000011010010001000000001
0000000101000000000000001110001000000001
0000000101000000000000001100000000000001
0000000101010000000000001111001000000001
0000000000000000000000000000000000000001
0000000000100111111111110010000000000001
0000000100101000000000001110001000000001
0000000000101111111111110010000000000001
0000000100110000000000001110001000000001
0000000000000000000000000000000000000001
1111111111110010000011100010000000000001
0000000101110001000010000010001001000001
0000000110010000000000001110001000000001
0000000110000001000010000010000000000001
0000000101110001000010000011010000000001
0000000110010010000011110010001000000001
0000000101111000000000001110001000000001
0000000101111000000000001100000000000001
0000000110001000000000001111001000000001
0000000000000000000000000000000000000001
0000000000110111111111110010000000000001
0000000101100000000000001110001000000001
0000000000111111111111110010000000000001
0000000101101000000000001110001000000001
0000000000000000000000000000000000000001
1111111111110010000100000010000000000001
0000000110101001000010000010001001000001
0000000111001000000000001110001000000001
0000000110111001000010000010000000000001
0000000110101001000010000011010000000001
0000000111001010000100010010001000000001
0000000110110000000000001110001000000001
0000000110110000000000001100000000000001
0000000111000000000000001111001000000001
0000000000000000000000000000000000000001
0000000001000111111111110010000000000001
0000000110011000000000001110001000000001
0000000001001111111111110010000000000001
0000000110100000000000001110001000000001
0000000000000000000000000000000000000001
1111111111110010000100100010000000000001
0000000111010001000010000010001001000001
0000001010010000000000001110001000000001
0000000111100001000010000010000000000001
0000000111010001000010000011010000000001
0000001010010001000101000010001000000001
0000000111011000000000001110001000000001
0000000111011000000000001100000000000001
0000000111101000000000001111001000000001
0000000010111111111111110110000000000001
0000000011000111111111110100000000000001
1111111111110010000100110010000000000001
0000000111110001000010000010001001000001
0000001010010000000000001110001000000001
0000001000000001000010000010000000000001
0000000111110001000010000011010000000001
0000001010010001000101000010001000000001
0000000111111000000000001110001000000001
0000000111111000000000001100000000000001
0000001000001000000000001111001000000001
0000000011110111111111110110011000000001
0000000011111111111111110100010000000001
1111111111110010000101000010000000000001
0000001000010001000010000010001001000001
0000001010010000000000001110001000000001
0000001000100001000010000010000000000001
0000001000010001000010000011010000000001
0000001010010001000101000010001000000001
0000001000011000000000001110001000000001
0000001000011000000000001100000000000001
0000001000101000000000001111001000000001
0000000100101111111111110110011000000001
0000000100110111111111110100010000000001
1111111111110010000101010010000000000001
0000001000110001000010000010001001000001
0000001010010000000000001110001000000001
0000001001000001000010000010000000000001
0000001000110001000010000011010000000001
0000001010010001000101000010001000000001
0000001000111000000000001110001000000001
0000001000111000000000001100000000000001
0000001001001000000000001111001000000001
0000000101100111111111110110011000000001
0000000101101111111111110100010000000001
1111111111110010000101100010000000000001
0000001001010001000010000010001001000001
0000001010010000000000001110001000000001
0000001001100001000010000010000000000001
0000001001010001000010000011010000000001
0000001010010001000101000010001000000001
0000001001011000000000001110001000000001
0000001001011000000000001100000000000001
0000001001101000000000001111001000000001
0000000110011111111111110110011000000001
0000000110100111111111110100010000000001
1111111111110010000101110010000000000001
0000001001110001000010000010001001000001
0000001010010000000000001110001000000001
0000001010000001000010000010000000000001
0000001001110001000010000011010000000001
0000001010010001000101000010001000000001
0000001001111000000000001110001000000001
0000001001111000000000001100000000000001
0000001010001000000000001111001000000001
0000000001010111111111110110011000000001
0000000001010111111111110100010000000001
0000000000000000000000000000000000000001
0000001011011000000000001110011000000001
0000001100010000000000001110010000000001
0000001010111010000110000010000000000001
0000001010101010000110000011010000000001
0000001010011001000010000010001001000001
0000001010100001000010000010001000000001
0000001010110000000000001110001000000001
0000000000000000000000000000000000000001
0000001011000000000000001111001000000001
0000001011110010000110010010000000000001
0000001011100010000110010011010000000001
0000001011010001000010000010001001000001
0000001011011001000010000010001000000001
0000001011101000000000001110001000000001
0000000000000000000000000000000000000001
0000001011111000000000001111001000000001
0000001100101010000110100010000000000001
0000001100011010000110100011010000000001
0000001100001001000010000010001001000001
0000001100010001000010000010001000000001
0000001100100000000000001110001000000001
0000000000000000000000000000000000000001
0000001100110000000000001111001000000001
0000001010110001000010000010000000000001
0000000000000000000000000000000000000001
0000001101101000000000001111000000000001
0000001101011001000010000010000000001001
0000001101100000000000001110001000000001
0000001101001001000010000010000000000001
1111111111110010000111000010001001100111
0000001101010000000000001110001000000001
0000001101101001000010000010001001001001
0000001101101001000010000010000000000001
0000001101010000000000001110001000100111
1111111111110010000110110010000000000001
0000001101100000000000001110001000100111
0000000000000000000000000000000000000001
0000001101100001000010000010000000001001
1111111111111001000010000010001001000001
0000001101100000000000001110001000100110
0000001101010001000010000010000000000001
0000001101000000000000001110001000000001
0000001101000001000010000010000000000001
1111111010100000000000000000001000000001
1111111111110010000111010010000000000001
0000001101110001000010000010001001000001
0000001110010000000000001110001000000001
0000001110000001000010000010000000000001
0000001101110001000010000011010000000001
0000001110010010000111100010001000000001
0000001101111000000000001110001000000001
0000001101111000000000001100000000000001
0000001110001000000000001111001000000001
0000001011101111111111110010000000000001
0000001111010000000000001110001000000001
1111111111110010000111110010000000000001
0000001110011001000010000010001001000001
0000001110111000000000001110001000000001
0000001110101001000010000010000000000001
0000001110011001000010000011010000000001
0000001110111010001000000010001000000001
0000001110100000000000001110001000000001
0000001110100000000000001100000000000001
0000001110110000000000001111001000000001
0000001100100111111111110010000000000001
0000001111101000000000001110001000000001
0000010000010010001001000010000000000001
0000010000001010001001010010001000000001
0000001111111010001001000011010000000001
0000001111110010001001010010001000000001
0000001111010010001000010010001000000001
0000001111001010001000100010001000000001
0000001111000010001000110010001000000001
0000000000000000000000000000000000000001
0000010000000000000000001110001000000001
0000010000011000000000001111001000000001
0000010001000010001001000010000000000001
0000010000111010001001010010001000000001
0000010000101010001001000011010000000001
0000010000100010001001010010001000000001
0000001111101010001000010010001000000001
0000001111100010001000100010001000000001
0000001111011010001000110010001000000001
0000000000000000000000000000000000000001
0000010000110000000000001110001000000001
0000010001001000000000001111001000000001
0000010001110010001010010010000000000001
0000010001101010001010100010001000000001
0000010001011010001010010011010000000001
0000010001010010001010100010001000000001
0000010000000010001001100010001000000001
0000001111111010001001110010001000000001
0000001111110010001010000010001000000001
0000000000000000000000000000000000000001
0000010001100000000000001110001000000001
0000010001111000000000001111001000000001
0000010010100010001010010010000000000001
0000010010011010001010100010001000000001
0000010010001010001010010011010000000001
0000010010000010001010100010001000000001
0000010000110010001001100010001000000001
0000010000101010001001110010001000000001
0000010000100010001010000010001000000001
0000000000000000000000000000000000000001
0000010010010000000000001110001000000001
0000010010101000000000001111001000000001
0000010011010010001011100010000000000001
0000010011001010001011110010001000000001
0000010010111010001011100011010000000001
0000010010110010001011110010001000000001
0000010001100010001010110010001000000001
0000010001011010001011000010001000000001
0000010001010010001011010010001000000001
0000000000000000000000000000000000000001
0000010011000000000000001110001000000001
0000010011011000000000001111001000000001
0000010100000010001011100010000000000001
0000010011111010001011110010001000000001
0000010011101010001011100011010000000001
0000010011100010001011110010001000000001
0000010010010010001010110010001000000001
0000010010001010001011000010001000000001
0000010010000010001011010010001000000001
0000000000000000000000000000000000000001
0000010011110000000000001110001000000001
0000010100001000000000001111001000000001
0000010100110010001100110010000000000001
0000010100101010001101000010001000000001
0000010100011010001100110011010000000001
0000010100010010001101000010001000000001
0000010011000010001100000010001000000001
0000010010111010001100010010001000000001
0000010010110010001100100010001000000001
0000000000000000000000000000000000000001
0000010100100000000000001110001000000001
0000010100111000000000001111001000000001
0000010101100010001100110010000000000001
0000010101011010001101000010001000000001
0000010101001010001100110011010000000001
0000010101000010001101000010001000000001
0000010011110010001100000010001000000001
0000010011101010001100010010001000000001
0000010011100010001100100010001000000001
0000000000000000000000000000000000000001
0000010101010000000000001110001000000001
0000010101101000000000001111001000000001
0000010110010010001110000010000000000001
0000010110001010001110010010001000000001
0000010101111010001110000011010000000001
0000010101110010001110010010001000000001
0000010100100010001101010010001000000001
0000010100011010001101100010001000000001
0000010100010010001101110010001000000001
0000000000000000000000000000000000000001
0000010110000000000000001110001000000001
0000010110011000000000001111001000000001
0000010111000010001110000010000000000001
0000010110111010001110010010001000000001
0000010110101010001110000011010000000001
0000010110100010001110010010001000000001
0000010101010010001101010010001000000001
0000010101001010001101100010001000000001
0000010101000010001101110010001000000001
0000000000000000000000000000000000000001
0000010110110000000000001110001000000001
0000010111001000000000001111001000000001
0000010111110010001111010010000000000001
0000010111101010001111100010001000000001
0000010111011010001111010011010000000001
0000010111010010001111100010001000000001
0000010110000010001110100010001000000001
0000010101111010001110110010001000000001
0000010101110010001111000010001000000001
0000000000000000000000000000000000000001
0000010111100000000000001110001000000001
0000010111111000000000001111001000000001
0000011000100010001111010010000000000001
0000011000011010001111100010001000000001
0000011000001010001111010011010000000001
0000011000000010001111100010001000000001
0000010110110010001110100010001000000001
0000010110101010001110110010001000000001
0000010110100010001111000010001000000001
0000000000000000000000000000000000000001
0000011000010000000000001110001000000001
0000011000101000000000001111001000000001
0000011001010010010000100010000000000001
0000011001001010010000110010001000000001
0000011000111010010000100011010000000001
0000011000110010010000110010001000000001
0000010111100010001111110010001000000001
0000010111011010010000000010001000000001
0000010111010010010000010010001000000001
0000000000000000000000000000000000000001
0000011001000000000000001110001000000001
0000011001011000000000001111001000000001
0000011010000010010000100010000000000001
0000011001111010010000110010001000000001
0000011001101010010000100011010000000001
0000011001100010010000110010001000000001
0000011000010010001111110010001000000001
0000011000001010010000000010001000000001
0000011000000010010000010010001000000001
0000000000000000000000000000000000000001
0000011001110000000000001110001000000001
0000011010001000000000001111001000000001
0000011010110010010001110010000000000001
0000011010101010010010000010001000000001
0000011010011010010001110011010000000001
0000011010010010010010000010001000000001
0000011001000010010001000010001000000001
0000011000111010010001010010001000000001
0000011000110010010001100010001000000001
0000000000000000000000000000000000000001
0000011010100000000000001110001000000001
0000011010111000000000001111001000000001
0000011011100010010001110010000000000001
0000011011011010010010000010001000000001
0000011011001010010001110011010000000001
0000011011000010010010000010001000000001
0000011001110010010001000010001000000001
0000011001101010010001010010001000000001
0000011001100010010001100010001000000001
0000000000000000000000000000000000000001
0000011011010000000000001110001000000001
0000011011101000000000001111001000000001
0000011100010010010011000010000000000001
0000011100001010010011010010001000000001
0000011011111010010011000011010000000001
0000011011110010010011010010001000000001
0000011010100010010010010010001000000001
0000011010011010010010100010001000000001
0000011010010010010010110010001000000001
0000000000000000000000000000000000000001
0000011100000000000000001110001000000001
0000011100011000000000001111001000000001
0000011101000010010011000010000000000001
0000011100111010010011010010001000000001
0000011100101010010011000011010000000001
0000011100100010010011010010001000000001
0000011011010010010010010010001000000001
0000011011001010010010100010001000000001
0000011011000010010010110010001000000001
0000000000000000000000000000000000000001
0000011100110000000000001110001000000001
0000011101001000000000001111001000000001
0000011100000010010011100010000000000001
0000001111010010010011110010001000000001
0000011101010000000000001110001000000001
0000011100110010010011100010000000000001
0000001111101010010011110010001000000001
0000011101011000000000001110001000000001
0000011101011001000010000010000000000001
0000011101110010010100000010001001000001
0000011101101000000000001110001000000001
0000011101010001000010000010000000000001
0000011101110010010100000010001000000001
0000011101100000000000001110001000000001
0000011101010001000010000010000000000001
0000011101011001000010000010001001000001
0000011101110001000010000010001001000001
0000000010000000000000001110001000000001
0000000010000010010100010010000000000001
0000011101110001000010000010001000000001
0000011101111000000000001110001000000001
0000011110110010010100100010000000000001
0000011110100001000010000010001000000001
0000011110101000000000001110001000000001
0000011110101001000010000010000001000001
0000011101100001000010000010001000000001
0000011110000000000000001100000000000001
0000011110110111111111110010001001000001
0000011110010000000000001110001000000001
0000011110010010010100100010000000000001
0000011110110001000010000010001000000001
0000011110111000000000001110001000000001
0000011111010010010100100010000000000001
0000011111000001000010000010001000000001
0000011111001000000000001110001000000001
0000011111001001000010000010000001000001
0000011101101001000010000010001000000001
0000011110000000000000001100000000000001
0000011111010111111111110010001001000001
0000011110011000000000001110001000000001
0000011110011010010100100010000000000001
0000011111010001000010000010001000000001
0000011111011000000000001110001000000001
0000011110111001000010000010001000000001
0000011111110000000000001110001000000001
0000100000000010010101100010000000000001
0000011111111010010101110010001000000001
0000011111110010010100110010001000000001
0000011111101010010101000010001000000001
0000011111100010010101010010001000000001
0000100000001000000000001110001000000001
0000100000001000000000001100000000000001
0000100000001111111111110010000000000001
0000000000000000000000000000000000000001
0000100000111000000000001110001000000001
0000100001000000000000001111001000000001
0000100000100001000010000010000000000001
0000100000100010011110010010001001000001
0000100001000010011110010010001000000001
0000100000010001000010000011010000000001
0000100000010010011110010010001001000001
0000100000111010011110011000001000000001
0000100000111010011110010010001000000001
0000000000000000000000000000000000000001
0000100000011000000000001110001000000001
0000100000101000000000001111001000000001
0000100001001000000000001111011000000001
0000100001001001000110100010000000000001
0000000000000000000000000000000000000001
0000100001010000000000001110001000000001
0000100001011000000000001111001000000001
0000100001010000000000001100000000000001
0000000000000000000000000000000000000001
0000000000000010010110011010000100000001
1111111111100001000010000010000000000001
0000000000000010010110001010000100000001
1111111111100001000010000010001001000001
0000100000110000000000001110001000000001
0000100001011000000000001100000000000001
0000100000110111111111110010000000000001
1111111111100001000010000010001000000001
0000011110001000000000001110001000000001
0000011110010010011110100010000000000001
0000011101100010011110110010001000000001
0000100001100000000000001110001000000001
0000011110011010011110100010000000000001
0000011101101010011110110010001000000001
0000100001101000000000001110001000000001
0000100001100001000010000010000000000001
0000000000000000000000000000000000000001
0000100010110000000000001110001000000001
0000100011011010011111110010000000000001
0000100011010010100000000010001000000001
0000100011000010011111110011010000000001
0000100010111010100000000010001000000001
0000100010110010011111000010001000000001
0000100010101010011111010010001000000001
0000100010100010011111100010001000000001
0000000000000000000000000000000000000001
0000100011001000000000001110001000000001
0000100011100000000000001111001000000001
0000100100001010011111110010000000000001
0000100100000010100000000010001000000001
0000100011110010011111110011010000000001
0000100011101010100000000010001000000001
0000100011001010011111000010001000000001
0000100011000010011111010010001000000001
0000100010111010011111100010001000000001
0000000000000000000000000000000000000001
0000100011111000000000001110001000000001
0000100010001000000000001110001000000001
0000100100010000000000001111001000000001
0000100001100001000010000010000000000001
0000000000000000000000000000000000000001
0000100100101000000000001110001000000001
0000100101010010100001000010000000000001
0000100101001010100001010010001000000001
0000100100111010100001000011010000000001
0000100100110010100001010010001000000001
0000100100101010100000010010001000000001
0000100100100010100000100010001000000001
0000100100011010100000110010001000000001
0000000000000000000000000000000000000001
0000100101000000000000001110001000000001
0000100101011000000000001111001000000001
0000100110000010100001000010000000000001
0000100101111010100001010010001000000001
0000100101101010100001000011010000000001
0000100101100010100001010010001000000001
0000100101000010100000010010001000000001
0000100100111010100000100010001000000001
0000100100110010100000110010001000000001
0000000000000000000000000000000000000001
0000100101110000000000001110001000000001
0000100010000000000000001110001000000001
0000100110001000000000001111001000000001
0000100001101001000010000010000000000001
0000000000000000000000000000000000000001
0000100110100000000000001110001000000001
0000100111001010011111110010000000000001
0000100111000010100000000010001000000001
0000100110110010011111110011010000000001
0000100110101010100000000010001000000001
0000100110100010011111000010001000000001
0000100110011010011111010010001000000001
0000100110010010011111100010001000000001
0000000000000000000000000000000000000001
0000100110111000000000001110001000000001
0000100111010000000000001111001000000001
0000100111111010011111110010000000000001
0000100111110010100000000010001000000001
0000100111100010011111110011010000000001
0000100111011010100000000010001000000001
0000100110111010011111000010001000000001
0000100110110010011111010010001000000001
0000100110101010011111100010001000000001
0000000000000000000000000000000000000001
0000100111101000000000001110001000000001
0000100010011000000000001110001000000001
0000101000000000000000001111001000000001
0000100001101001000010000010000000000001
0000000000000000000000000000000000000001
0000101000011000000000001110001000000001
0000101001000010100001000010000000000001
0000101000111010100001010010001000000001
0000101000101010100001000011010000000001
0000101000100010100001010010001000000001
0000101000011010100000010010001000000001
0000101000010010100000100010001000000001
0000101000001010100000110010001000000001
0000000000000000000000000000000000000001
0000101000110000000000001110001000000001
0000101001001000000000001111001000000001
0000101001110010100001000010000000000001
0000101001101010100001010010001000000001
0000101001011010100001000011010000000001
0000101001010010100001010010001000000001
0000101000110010100000010010001000000001
0000101000101010100000100010001000000001
0000101000100010100000110010001000000001
0000000000000000000000000000000000000001
0000101001100000000000001110001000000001
0000100010010000000000001110001000000001
0000101001111000000000001111001000000001
0000100010001001000010000010000000000001
0000100010011001000010000010001001000001
0000101100000000000000001110001000000001
0000101100000000000000001100000000000001
0000101100000111111111110010000000000001
0000000000000000000000000000000000000001
0000101011011000000000001110001000000001
0000101011100000000000001111001000000001
0000101010010001000010000010000000000001
0000101010010010101010110010001001000001
0000101011100010101010110010001000000001
0000101010000001000010000011010000000001
0000101010000010101010110010001001000001
0000101011011010101010111000001000000001
0000101011011010101010110010001000000001
0000000000000000000000000000000000000001
0000101010001000000000001110001000000001
0000101010011000000000001111001000000001
0000101011101000000000001111011000000001
0000101010110001000010000010000000001001
0000101010111000000000001110001000000001
0000101010100001000010000010000000000001
1111111111110010101011000010001001100111
0000101010101000000000001110001000000001
0000101011101001000010000010001001001001
0000101011101001000010000010000000000001
0000101010101000000000001110001000100111
1111111111110010101011010010000000000001
0000101010111000000000001110001000100111
0000000000000000000000000000000000000001
0000101010111001000010000010000000001001
1111111111111001000010000010001001000001
0000101010111000000000001110001000100110
0000101010101001000110100010000000000001
0000000000000000000000000000000000000001
0000101011110000000000001110001000000001
0000101011111000000000001111001000000001
0000101011110000000000001100000000000001
0000000000000000000000000000000000000001
0000000000000010100010101010000100000001
1111111111100001000010000010000000000001
0000000000000010100010011010000100000001
1111111111100001000010000010001001000001
0000101011000000000000001110001000000001
0000101011111000000000001100000000000001
0000101011000111111111110010000000000001
1111111111100001000010000010001000000001
0000101011010000000000001110001000000001
0000101011010000000000001100000000000001
0000101100000111111111110010000000000001
0000101100001000000000001110001000000001
0000100010011010100001110010000000000001
0000101100010010100001110010001001000001
0000101100101000000000001110001000000001
0000100010001010100001110010000000000001
0000101100010010100001110010001000000001
0000101100100000000000001110001000000001
0000101100001001000010000010000000000001
0000101100010001000010000010001001000001
0000101011001000000000001110001000000001
0000101011001010101011100010000000000001
0000101100010001000010000010001000000001
0000101100011000000000001110001000000001
0000101100101010100001110010000000000001
0000101100110010100001110010001001000001
0000101100101000000000001110001000000001
0000101100100010100001110010000000000001
0000101100110010100001110010001000000001
0000101100100000000000001110001000000001
0000101100001001000010000010000000000001
0000101100110001000010000010001001000001
0000101011001000000000001110001000000001
0000101011001010101011110010000000000001
0000101100110001000010000010001000000001
0000101100111000000000001110001000000001
0000100010000010100001100010000000000001
0000101100100010100010000010001000000001
0000100001110000000000001110001000000001
0000100010010010100001100010000000000001
0000101100101010100010000010001000000001
0000100001111000000000001110001000000001
0000100001110010101100000010000000000001
0000100001100010101100010010001000000001
0000101101010000000000001110001000000001
0000100001111010101100000010000000000001
0000100001101010101100010010001000000001
0000101110111000000000001110001000000001
0000101101111010111000010010000000000001
0000101101110010111000100010001000000001
0000101101100010111000010011010000000001
0000101101011010111000100010001000000001
0000101101010010110111110010001000000001
0000101101001010111000000010001000000001
0000101101000010110111110010001000000001
0000000000000000000000000000000000000001
0000101101101000000000001110001000000001
0000101110000000000000001111001000000001
0000101110011010111001000010000000000001
0000101110001010111001000011010000000001
0000101101101010111000110010001000000001
0000101101100010111000110010001001000001
0000101110010000000000001110001000000001
0000101111100010111000010100000000000001
0000101110100000000000001111001000000001
0000101111011010111000100010010000000001
0000101111001010111000010011010000000001
0000101111000010111000100010001000000001
0000101110111010110111110010001000000001
0000101110110010111000000010001000000001
0000101110101010110111110010001000000001
0000000000000000000000000000000000000001
0000101111010000000000001110001000000001
0000101111101000000000001111001000000001
0000110000000010111001000010000000000001
0000101111110010111001000011010000000001
0000101111010010111000110010001000000001
0000101111001010111000110010001001000001
0000101111111000000000001110001000000001
0000101101010001000010000100000000000001
0000110000001000000000001111001000000001
0000101110111001000010000010010000000001
0000110000100000000000001110001000000001
0000110001001010111000010010000000000001
0000110001000010111000100010001000000001
0000110000110010111000010011010000000001
0000110000101010111000100010001000000001
0000110000100010111001010010001000000001
0000110000011010111001100010001000000001
0000110000010010111001010010001000000001
0000000000000000000000000000000000000001
0000110000111000000000001110001000000001
0000110001010000000000001111001000000001
0000110001101010111001000010000000000001
0000110001011010111001000011010000000001
0000110000111010111001110010001000000001
0000110000110010111001110010001000000001
0000000000000000000000000000000000000001
0000110001110000000000001111001000000001
0000110001100000000000001110001000000001
1111111111110010110111000010000000000001
0000110100000001000010000010001001000001
0000110011111000000000001110001000000001
0000110100000001000010000010000000000001
0000110011111010111010000010001000000001
0000110100001000000000001110001000000001
0000110100001000000000001100000000000001
0000110001100111111111110010000000000001
0000110010100000000000001110001000000001
0000110010100010110101110110000000000001
0000110010100010110111100010000000000001
1111111111110010110110110010001000000001
0000000000000000000000000000000000000001
1111111111101001000010000101000000000001
1111111111110010110110000010010001001001
0000000000000000000000000000000000000001
0000110010100000000000001110010000000001
0000110010001000000000001110010000000001
0000110010100000000000001100000000000001
0000110010100111111111110010000000000001
0000000010000000000000001110001000000001
0000000010000000000000001100000000000001
0000110010100111111111110010000000000001
0000000010000000000000001110001000000001
0000000010000000000000001100000000000001
0000000010000111111111110010000000000001
0000110010100000000000001110001000000001
1111111111110010110110010010000001000001
0000110010001001000010000010001000000001
0000110010001000000000001110001000000001
0000110010001000000000001100000000000001
0000110010001111111111110010000000000001
0000000010000000000000001110001000000001
0000000010000000000000001100000000000001
0000110010001111111111110010000000000001
0000000010000000000000001110001000000001
0000000010000000000000001100000000000001
0000000010000111111111110010000001000001
1111111111110010110101100010001000000001
0000110010100000000000001110001000100101
1111111111110010110110010010010001001001
1111111111110010110101100010000000000001
0000110010100000000000001110001000100101
0000000000000000000000000000000000000001
0000110010100001000010000010011000000001
0000110010100000000000001110001000000001
0000110010100010110101010010000000000001
0000110010100000000000001110001000000001
0000110011001010111000010010000000000001
0000110011000010111000100010001000000001
0000110010110010111000010011010000000001
0000110010101010111000100010001000000001
0000110010100010110111110010001000000001
0000110010011010111000000010001000000001
0000110010010010110111110010001000000001
0000000000000000000000000000000000000001
0000110010111000000000001110001000000001
0000110011010000000000001111001000000001
0000110011101010111001000010000000000001
0000110011011010111001000011010000000001
0000110010111010111000110010001000000001
0000110010110010111000110010001001000001
0000000000000000000000000000000000000001
0000110011110000000000001111001000000001
0000110011100000000000001110001000000001
0000110011100000000000001100000000000001
0000110011100111111111110010000000000001
0000000000000000000000000000000000000001
0000110101010000000000001110001000000001
0000110101011000000000001111001000000001
0000110100101001000010000010000000000001
0000110100101010110100110010001001000001
0000110101011010110100110010001000000001
0000110100011001000010000011010000000001
0000110100011010110100110010001001000001
0000110101010010110100111000001000000001
0000110101010010110100110010001000000001
0000000000000000000000000000000000000001
0000110100100000000000001110001000000001
0000110100110000000000001111001000000001
0000110101100000000000001111011000000001
0000110100111001000010000010000000000001
1111111111110010110101000010001001000001
0000110101000000000000001110001000000001
0000110101100001000010000010001001001001
0000110101100001000010000010000000000001
0000110101000000000000001110001000100111
0000000000000000000000000000000000000001
0000110101000001000110100010000000000001
0000000000000000000000000000000000000001
0000110101101000000000001110001000000001
0000110101110000000000001111001000000001
0000110101101000000000001100000000000001
0000000000000000000000000000000000000001
0000000000000010101100111010000100000001
1111111111100001000010000010000000000001
0000000000000010101100101010000100000001
1111111111100001000010000010001001000001
0000000001111000000000001110001000000001
0000110101110000000000001100000000000001
0000000001111111111111110010000000000001
1111111111100001000010000010001000000001
0000110101001000000000001110001000000001
1111111111110010110111010010000000000001
0000110101111001000010000010001001000001
0000110011111000000000001110001000000001
0000110101111001000010000010000000000001
0000110011111010111010000010001000000001
0000110110000000000000001110001000000001
0000110110000000000000001100000000000001
0000110101001111111111110010000000000001
0000110101001000000000001110001000000001
0000110101001000000000001100000000000001
0000110011100111111111110010000001000001
0000101110010001000010000100001000000001
0000101111111001000010000110001000000001
1111111111110010110110100010000000000001
0000110110001001000010000010001001000001
0000110011111000000000001110001000000001
0000110110001001000010000010000000000001
0000110011111010111010000010001000000001
0000110110010000000000001110001000000001
0000110110010000000000001100000000000001
0000000010000000000000001110010000000001
0000101101010111111111110010000000000001
0000000010000001000010000010001000000001
0000000010000111111111110010001001000001
0000110001111000000000001110001000000001
0000101110111111111111110010000000000001
0000000010000000000000001110011000000001
0000000010000001000010000010001000000001
0000000010000111111111110010001001000001
0000110010000000000000001110001000000001
0000000000000000000000000000000000000001
0000110010000001000010000010000000000001
1111111110000000000000000000001000000001
1111111111110010111010010010000000000001
0000110110101001000010000010001001000001
0000110111001000000000001110001000000001
0000110110111001000010000010000000000001
0000110110101001000010000011010000000001
0000110111001010111010100010001000000001
0000110110110000000000001110001000000001
0000110110110000000000001100000000000001
0000110111000000000000001111001000000001
0000110001111111111111110010000000000001
0000110110011000000000001110001000000001
0000110010000111111111110010000000000001
0000110110100000000000001110001000000001
0000110001111001000010000010000000000001
1111111101111000000000000000001000000001
0000110010000001000010000010000000000001
0000000000000000000000000000000000000001
0000110111111000000000001111000000000001
0000110111101001000010000010000000001001
0000110111110000000000001110001000000001
0000110111011001000010000010000000000001
1111111111110010111011000010001001100111
0000110111100000000000001110001000000001
0000110111111001000010000010001001001001
0000110111111001000010000010000000000001
0000110111100000000000001110001000100111
1111111111110010111010110010000000000001
0000110111110000000000001110001000100111
0000000000000000000000000000000000000001
0000110111110001000010000010000000001001
1111111111111001000010000010001001000001
0000110111110000000000001110001000100110
0000110111100001000010000010000000000001
0000110111010000000000001110001000000001
0000110001111001000010000010000000000001
0000000000000000000000000000000000000001
0000111000101000000000001111000000000001
0000111000011001000010000010000000001001
0000111000100000000000001110001000000001
0000111000001001000010000010000000000001
1111111111110010111011100010001001100111
0000111000010000000000001110001000000001
0000111000101001000010000010001001001001
0000111000101001000010000010000000000001
0000111000010000000000001110001000100111
1111111111110010111011010010000000000001
0000111000100000000000001110001000100111
0000000000000000000000000000000000000001
0000111000100001000010000010000000001001
1111111111111001000010000010001001000001
0000111000100000000000001110001000100110
0000111000010001000010000010000000000001
0000111000000000000000001110001000000001
0000111000000001000010000010000000000001
1111111010000000000000000000001000000001
0000110111010001000010000010000000000001
1111111010001000000000000000001000000001
0000110110011001000010000010000000000001
0000000000000000000000000000000000000001
0000111001011000000000001111000000000001
0000111001001001000010000010000000001001
0000111001010000000000001110001000000001
0000111000111001000010000010000000000001
1111111111110010111100000010001001100111
0000111001000000000000001110001000000001
0000111001011001000010000010001001001001
0000111001011001000010000010000000000001
0000111001000000000000001110001000100111
1111111111110010111011110010000000000001
0000111001010000000000001110001000100111
0000000000000000000000000000000000000001
0000111001010001000010000010000000001001
1111111111111001000010000010001001000001
0000111001010000000000001110001000100110
0000111001000001000010000010000000000001
0000111000110000000000001110001000000001
0000110110100001000010000010000000000001
0000000000000000000000000000000000000001
0000111010001000000000001111000000000001
0000111001111001000010000010000000001001
0000111010000000000000001110001000000001
0000111001101001000010000010000000000001
1111111111110010111100100010001001100111
0000111001110000000000001110001000000001
0000111010001001000010000010001001001001
0000111010001001000010000010000000000001
0000111001110000000000001110001000100111
1111111111110010111100010010000000000001
0000111010000000000000001110001000100111
0000000000000000000000000000000000000001
0000111010000001000010000010000000001001
1111111111111001000010000010001001000001
0000111010000000000000001110001000100110
0000111001110001000010000010000000000001
0000111001100000000000001110001000000001
0000110110011001000010000010000000000001
1111111101101000000000000000001000000001
0000110110100001000010000010000000000001
1111111101110000000000000000001000000001
0000111001100001000010000010000000000001
1111111010011000000000000000001000000001
0000111000110001000010000010000000000001
1111111010010000000000000000001000000001
0000000000000000000000000000000000000001
0000000000000000000000000000000000000001
0000000000000000000000000000000000000001
0000000000000000000000000000000000000001
0000000000000000000000000000000000000001
0000000000000000000000000000000000000001
0000000000000000000000000000000000000001
0000000000000000000000000000000000000001
0000000000000000000000000000000000000001
0000000000000000000000000000000000000001
0000000000000000000000000000000000000001
